(0;0;2;0)
(1;0;2;0)
(2;0;1;0)
(3;0;3;0)
(4;0;3;0)
(5;0;3;0)
(6;0;3;0)
(7;0;3;0)
(8;0;3;0)
(9;0;3;0)
(10;0;3;0)
(11;0;3;0)
(12;0;3;0)
(13;0;3;0)
(14;0;3;0)
(15;0;3;0)
(16;0;3;0)
(17;0;1;0)
(18;0;2;0)
(19;0;2;0)
(0;1;2;1)
(1;1;2;0)
(2;1;1;0)
(3;1;3;0)
(4;1;3;0)
(5;1;3;0)
(6;1;3;0)
(7;1;3;0)
(8;1;3;0)
(9;1;3;0)
(10;1;3;0)
(11;1;3;0)
(12;1;3;0)
(13;1;3;0)
(14;1;3;0)
(15;1;3;0)
(16;1;3;0)
(17;1;1;0)
(18;1;2;0)
(19;1;2;6)
(0;2;2;0)
(1;2;2;0)
(2;2;1;0)
(3;2;3;0)
(4;2;3;0)
(5;2;3;0)
(6;2;3;0)
(7;2;3;0)
(8;2;3;0)
(9;2;3;0)
(10;2;3;0)
(11;2;3;0)
(12;2;3;0)
(13;2;3;0)
(14;2;2;0)
(15;2;2;0)
(16;2;2;0)
(17;2;2;0)
(18;2;2;0)
(19;2;2;0)
(0;3;2;2)
(1;3;2;0)
(2;3;1;0)
(3;3;3;0)
(4;3;3;0)
(5;3;3;0)
(6;3;3;0)
(7;3;3;0)
(8;3;3;0)
(9;3;3;0)
(10;3;3;0)
(11;3;3;0)
(12;3;2;0)
(13;3;2;0)
(14;3;2;0)
(15;3;2;0)
(16;3;2;0)
(17;3;2;0)
(18;3;2;0)
(19;3;2;7)
(0;4;2;0)
(1;4;2;0)
(2;4;2;0)
(3;4;3;0)
(4;4;3;0)
(5;4;3;0)
(6;4;3;0)
(7;4;2;0)
(8;4;2;0)
(9;4;2;0)
(10;4;2;0)
(11;4;2;0)
(12;4;2;0)
(13;4;2;0)
(14;4;2;0)
(15;4;2;0)
(16;4;2;0)
(17;4;2;0)
(18;4;2;0)
(19;4;2;0)
(0;5;2;3)
(1;5;2;0)
(2;5;2;0)
(3;5;2;0)
(4;5;2;0)
(5;5;2;0)
(6;5;2;0)
(7;5;2;0)
(8;5;2;0)
(9;5;2;0)
(10;5;2;0)
(11;5;2;0)
(12;5;2;0)
(13;5;2;0)
(14;5;2;0)
(15;5;2;0)
(16;5;2;0)
(17;5;2;0)
(18;5;2;0)
(19;5;2;8)
(0;6;2;0)
(1;6;2;0)
(2;6;2;0)
(3;6;2;0)
(4;6;2;0)
(5;6;2;0)
(6;6;2;0)
(7;6;2;0)
(8;6;2;0)
(9;6;2;0)
(10;6;2;0)
(11;6;2;0)
(12;6;2;0)
(13;6;2;0)
(14;6;2;0)
(15;6;2;0)
(16;6;2;0)
(17;6;2;0)
(18;6;2;0)
(19;6;2;0)
(0;7;2;4)
(1;7;2;0)
(2;7;2;0)
(3;7;2;0)
(4;7;2;0)
(5;7;2;0)
(6;7;2;0)
(7;7;2;0)
(8;7;2;0)
(9;7;2;0)
(10;7;2;0)
(11;7;2;0)
(12;7;2;0)
(13;7;2;0)
(14;7;2;0)
(15;7;2;0)
(16;7;2;0)
(17;7;2;0)
(18;7;2;0)
(19;7;2;9)
(0;8;2;0)
(1;8;2;0)
(2;8;1;0)
(3;8;3;0)
(4;8;3;0)
(5;8;2;0)
(6;8;2;0)
(7;8;2;0)
(8;8;2;0)
(9;8;2;0)
(10;8;2;0)
(11;8;2;0)
(12;8;2;0)
(13;8;3;0)
(14;8;3;0)
(15;8;3;0)
(16;8;3;0)
(17;8;1;0)
(18;8;2;0)
(19;8;2;0)
(0;9;2;5)
(1;9;2;0)
(2;9;1;0)
(3;9;3;0)
(4;9;3;0)
(5;9;3;0)
(6;9;3;0)
(7;9;2;0)
(8;9;2;0)
(9;9;2;0)
(10;9;2;0)
(11;9;2;0)
(12;9;3;0)
(13;9;3;0)
(14;9;3;0)
(15;9;3;0)
(16;9;3;0)
(17;9;1;0)
(18;9;2;0)
(19;9;2;10)
(0;10;2;0)
(1;10;2;0)
(2;10;1;0)
(3;10;3;0)
(4;10;3;0)
(5;10;3;0)
(6;10;3;0)
(7;10;3;0)
(8;10;3;0)
(9;10;2;0)
(10;10;2;0)
(11;10;3;0)
(12;10;3;0)
(13;10;3;0)
(14;10;3;0)
(15;10;3;0)
(16;10;3;0)
(17;10;1;0)
(18;10;2;0)
(19;10;2;0)
