(0;0;1;0)
(1;0;1;0)
(2;0;1;0)
(3;0;1;0)
(4;0;1;0)
(5;0;3;0)
(6;0;3;0)
(7;0;3;0)
(8;0;3;0)
(9;0;1;0)
(10;0;1;0)
(11;0;1;0)
(12;0;1;0)
(13;0;1;0)
(14;0;1;0)
(15;0;1;0)
(16;0;1;0)
(17;0;1;0)
(18;0;1;0)
(19;0;1;0)
(0;1;1;1)
(1;1;1;0)
(2;1;1;0)
(3;1;1;0)
(4;1;1;0)
(5;1;2;0)
(6;1;3;0)
(7;1;3;0)
(8;1;3;0)
(9;1;3;0)
(10;1;1;0)
(11;1;1;0)
(12;1;1;0)
(13;1;1;0)
(14;1;1;0)
(15;1;1;0)
(16;1;1;0)
(17;1;1;0)
(18;1;1;0)
(19;1;1;6)
(0;2;1;0)
(1;2;1;0)
(2;2;1;0)
(3;2;1;0)
(4;2;1;0)
(5;2;1;0)
(6;2;3;0)
(7;2;3;0)
(8;2;1;0)
(9;2;1;0)
(10;2;1;0)
(11;2;2;0)
(12;2;2;0)
(13;2;2;0)
(14;2;1;0)
(15;2;1;0)
(16;2;1;0)
(17;2;1;0)
(18;2;1;0)
(19;2;1;0)
(0;3;1;2)
(1;3;1;0)
(2;3;1;0)
(3;3;1;0)
(4;3;1;0)
(5;3;3;0)
(6;3;3;0)
(7;3;1;0)
(8;3;1;0)
(9;3;1;0)
(10;3;1;0)
(11;3;2;0)
(12;3;3;0)
(13;3;2;0)
(14;3;1;0)
(15;3;1;0)
(16;3;1;0)
(17;3;1;0)
(18;3;1;0)
(19;3;1;7)
(0;4;1;0)
(1;4;1;0)
(2;4;1;0)
(3;4;1;0)
(4;4;3;0)
(5;4;3;0)
(6;4;1;0)
(7;4;1;0)
(8;4;1;0)
(9;4;1;0)
(10;4;1;0)
(11;4;2;0)
(12;4;2;0)
(13;4;0;0)
(14;4;1;0)
(15;4;1;0)
(16;4;1;0)
(17;4;1;0)
(18;4;1;0)
(19;4;1;0)
(0;5;1;3)
(1;5;1;0)
(2;5;1;0)
(3;5;1;0)
(4;5;1;0)
(5;5;1;0)
(6;5;0;0)
(7;5;0;0)
(8;5;0;0)
(9;5;0;0)
(10;5;0;0)
(11;5;0;0)
(12;5;0;0)
(13;5;0;0)
(14;5;0;0)
(15;5;0;0)
(16;5;1;0)
(17;5;1;0)
(18;5;1;0)
(19;5;1;8)
(0;6;1;0)
(1;6;1;0)
(2;6;1;0)
(3;6;1;0)
(4;6;1;0)
(5;6;1;0)
(6;6;0;0)
(7;6;0;0)
(8;6;1;0)
(9;6;0;0)
(10;6;0;0)
(11;6;1;0)
(12;6;1;0)
(13;6;1;0)
(14;6;1;0)
(15;6;1;0)
(16;6;1;0)
(17;6;1;0)
(18;6;1;0)
(19;6;1;0)
(0;7;1;4)
(1;7;1;0)
(2;7;1;0)
(3;7;1;0)
(4;7;1;0)
(5;7;1;0)
(6;7;0;0)
(7;7;1;0)
(8;7;1;0)
(9;7;1;0)
(10;7;1;0)
(11;7;1;0)
(12;7;1;0)
(13;7;1;0)
(14;7;1;0)
(15;7;1;0)
(16;7;1;0)
(17;7;1;0)
(18;7;1;0)
(19;7;1;9)
(0;8;1;0)
(1;8;1;0)
(2;8;1;0)
(3;8;1;0)
(4;8;1;0)
(5;8;1;0)
(6;8;1;0)
(7;8;1;0)
(8;8;1;0)
(9;8;1;0)
(10;8;1;0)
(11;8;3;0)
(12;8;3;0)
(13;8;1;0)
(14;8;1;0)
(15;8;1;0)
(16;8;1;0)
(17;8;1;0)
(18;8;1;0)
(19;8;1;0)
(0;9;1;5)
(1;9;1;0)
(2;9;1;0)
(3;9;1;0)
(4;9;1;0)
(5;9;1;0)
(6;9;1;0)
(7;9;1;0)
(8;9;3;0)
(9;9;3;0)
(10;9;3;0)
(11;9;3;0)
(12;9;3;0)
(13;9;3;0)
(14;9;1;0)
(15;9;1;0)
(16;9;1;0)
(17;9;1;0)
(18;9;1;0)
(19;9;1;10)
(0;10;1;0)
(1;10;1;0)
(2;10;1;0)
(3;10;1;0)
(4;10;1;0)
(5;10;1;0)
(6;10;1;0)
(7;10;3;0)
(8;10;3;0)
(9;10;3;0)
(10;10;3;0)
(11;10;3;0)
(12;10;3;0)
(13;10;3;0)
(14;10;3;0)
(15;10;1;0)
(16;10;1;0)
(17;10;1;0)
(18;10;1;0)
(19;10;1;0)
