50
50
2
(0;0;3;0;0)
(1;0;3;0;0)
(2;0;3;0;0)
(3;0;3;0;0)
(4;0;3;0;0)
(5;0;3;0;0)
(6;0;3;0;0)
(7;0;3;0;0)
(8;0;3;0;0)
(9;0;3;0;0)
(10;0;3;0;0)
(11;0;3;0;0)
(12;0;3;0;0)
(13;0;3;0;0)
(14;0;3;0;0)
(15;0;3;0;0)
(16;0;3;0;0)
(17;0;3;0;0)
(18;0;3;0;0)
(19;0;3;0;0)
(20;0;3;0;0)
(21;0;3;0;0)
(22;0;3;0;0)
(23;0;3;0;0)
(24;0;3;0;0)
(25;0;3;0;0)
(26;0;3;0;0)
(27;0;3;0;0)
(28;0;3;0;0)
(29;0;3;0;0)
(30;0;3;0;0)
(31;0;3;0;0)
(32;0;3;0;0)
(33;0;3;0;0)
(34;0;3;0;0)
(35;0;3;0;0)
(36;0;3;0;0)
(37;0;3;0;0)
(38;0;3;0;0)
(39;0;3;0;0)
(40;0;3;0;0)
(41;0;3;0;0)
(42;0;3;0;0)
(43;0;3;0;0)
(44;0;3;0;0)
(45;0;3;0;0)
(46;0;3;0;0)
(47;0;3;0;0)
(48;0;3;0;0)
(49;0;3;0;0)
(0;1;3;0;0)
(1;1;3;0;0)
(2;1;3;0;0)
(3;1;3;0;0)
(4;1;3;0;0)
(5;1;3;0;0)
(6;1;3;0;0)
(7;1;3;0;0)
(8;1;3;0;0)
(9;1;3;0;0)
(10;1;3;0;0)
(11;1;3;0;0)
(12;1;3;0;0)
(13;1;3;0;0)
(14;1;3;0;0)
(15;1;3;0;0)
(16;1;3;0;0)
(17;1;3;0;0)
(18;1;3;0;0)
(19;1;3;0;0)
(20;1;3;0;0)
(21;1;3;0;0)
(22;1;3;0;0)
(23;1;3;0;0)
(24;1;3;0;0)
(25;1;3;0;0)
(26;1;3;0;0)
(27;1;3;0;0)
(28;1;3;0;0)
(29;1;3;0;0)
(30;1;3;0;0)
(31;1;3;0;0)
(32;1;3;0;0)
(33;1;3;0;0)
(34;1;3;0;0)
(35;1;3;0;0)
(36;1;3;0;0)
(37;1;3;0;0)
(38;1;3;0;0)
(39;1;3;0;0)
(40;1;3;0;0)
(41;1;3;0;0)
(42;1;3;0;0)
(43;1;3;0;0)
(44;1;3;0;0)
(45;1;3;0;0)
(46;1;3;0;0)
(47;1;3;0;0)
(48;1;3;0;0)
(49;1;3;0;0)
(0;2;3;0;0)
(1;2;3;0;0)
(2;2;3;0;0)
(3;2;3;0;0)
(4;2;3;0;0)
(5;2;3;0;0)
(6;2;3;0;0)
(7;2;3;0;0)
(8;2;3;0;0)
(9;2;3;0;0)
(10;2;3;0;0)
(11;2;3;0;0)
(12;2;3;0;0)
(13;2;3;0;0)
(14;2;3;0;0)
(15;2;3;0;0)
(16;2;3;0;0)
(17;2;3;0;0)
(18;2;3;0;0)
(19;2;3;0;0)
(20;2;3;0;0)
(21;2;3;0;0)
(22;2;3;0;0)
(23;2;3;0;0)
(24;2;3;0;0)
(25;2;3;0;0)
(26;2;3;0;0)
(27;2;3;0;0)
(28;2;3;0;0)
(29;2;3;0;0)
(30;2;3;0;0)
(31;2;3;0;0)
(32;2;3;0;0)
(33;2;3;0;0)
(34;2;3;0;0)
(35;2;3;0;0)
(36;2;3;0;0)
(37;2;3;0;0)
(38;2;3;0;0)
(39;2;3;0;0)
(40;2;3;0;0)
(41;2;3;0;0)
(42;2;3;0;0)
(43;2;3;0;0)
(44;2;3;0;0)
(45;2;3;0;0)
(46;2;3;0;0)
(47;2;3;0;0)
(48;2;3;0;0)
(49;2;3;0;0)
(0;3;3;0;0)
(1;3;3;0;0)
(2;3;3;0;0)
(3;3;3;0;0)
(4;3;3;0;0)
(5;3;3;0;0)
(6;3;3;0;0)
(7;3;3;0;0)
(8;3;3;0;0)
(9;3;3;0;0)
(10;3;3;0;0)
(11;3;3;0;0)
(12;3;3;0;0)
(13;3;3;0;0)
(14;3;3;0;0)
(15;3;3;0;0)
(16;3;3;0;0)
(17;3;3;0;0)
(18;3;3;0;0)
(19;3;3;0;0)
(20;3;3;0;0)
(21;3;3;0;0)
(22;3;3;0;0)
(23;3;3;0;0)
(24;3;3;0;0)
(25;3;3;0;0)
(26;3;3;0;0)
(27;3;3;0;0)
(28;3;3;0;0)
(29;3;3;0;0)
(30;3;3;0;0)
(31;3;3;0;0)
(32;3;3;0;0)
(33;3;3;0;0)
(34;3;2;0;0)
(35;3;3;0;0)
(36;3;3;0;0)
(37;3;3;0;0)
(38;3;3;0;0)
(39;3;3;0;0)
(40;3;3;0;0)
(41;3;3;0;0)
(42;3;3;0;0)
(43;3;3;0;0)
(44;3;3;0;0)
(45;3;3;0;0)
(46;3;3;0;0)
(47;3;3;0;0)
(48;3;3;0;0)
(49;3;3;0;0)
(0;4;3;0;0)
(1;4;3;0;0)
(2;4;3;0;0)
(3;4;3;0;0)
(4;4;3;0;0)
(5;4;3;0;0)
(6;4;3;0;0)
(7;4;3;0;0)
(8;4;3;0;0)
(9;4;3;0;0)
(10;4;3;0;0)
(11;4;3;0;0)
(12;4;3;0;0)
(13;4;3;0;0)
(14;4;3;0;0)
(15;4;3;0;0)
(16;4;3;0;0)
(17;4;3;0;0)
(18;4;3;0;0)
(19;4;3;0;0)
(20;4;3;0;0)
(21;4;3;0;0)
(22;4;3;0;0)
(23;4;3;0;0)
(24;4;3;0;0)
(25;4;3;0;0)
(26;4;3;0;0)
(27;4;3;0;0)
(28;4;3;0;0)
(29;4;3;0;0)
(30;4;3;0;0)
(31;4;3;0;0)
(32;4;2;0;0)
(33;4;2;0;0)
(34;4;2;0;0)
(35;4;2;0;0)
(36;4;2;0;0)
(37;4;2;0;0)
(38;4;2;0;0)
(39;4;2;0;0)
(40;4;3;0;0)
(41;4;2;0;0)
(42;4;3;0;0)
(43;4;3;0;0)
(44;4;3;0;0)
(45;4;3;0;0)
(46;4;3;0;0)
(47;4;3;0;0)
(48;4;3;0;0)
(49;4;3;0;0)
(0;5;3;0;0)
(1;5;3;0;0)
(2;5;3;0;0)
(3;5;3;0;0)
(4;5;3;0;0)
(5;5;3;0;0)
(6;5;3;0;0)
(7;5;3;0;0)
(8;5;3;0;0)
(9;5;3;0;0)
(10;5;3;0;0)
(11;5;3;0;0)
(12;5;3;0;0)
(13;5;3;0;0)
(14;5;3;0;0)
(15;5;3;0;0)
(16;5;3;0;0)
(17;5;3;0;0)
(18;5;3;0;0)
(19;5;3;0;0)
(20;5;3;0;0)
(21;5;3;0;0)
(22;5;3;0;0)
(23;5;3;0;0)
(24;5;3;0;0)
(25;5;3;0;0)
(26;5;3;0;0)
(27;5;3;0;0)
(28;5;3;0;0)
(29;5;3;0;0)
(30;5;3;0;0)
(31;5;2;0;0)
(32;5;2;0;0)
(33;5;2;0;0)
(34;5;2;0;0)
(35;5;2;0;0)
(36;5;2;0;0)
(37;5;2;0;0)
(38;5;2;0;0)
(39;5;2;0;0)
(40;5;2;0;0)
(41;5;2;0;0)
(42;5;2;0;0)
(43;5;3;0;0)
(44;5;2;0;0)
(45;5;3;0;0)
(46;5;3;0;0)
(47;5;3;0;0)
(48;5;3;0;0)
(49;5;3;0;0)
(0;6;3;0;0)
(1;6;3;0;0)
(2;6;3;0;0)
(3;6;3;0;0)
(4;6;3;0;0)
(5;6;3;0;0)
(6;6;3;0;0)
(7;6;3;0;0)
(8;6;3;0;0)
(9;6;3;0;0)
(10;6;3;0;0)
(11;6;3;0;0)
(12;6;3;0;0)
(13;6;3;0;0)
(14;6;3;0;0)
(15;6;3;0;0)
(16;6;3;0;0)
(17;6;3;0;0)
(18;6;3;0;0)
(19;6;3;0;0)
(20;6;3;0;0)
(21;6;3;0;0)
(22;6;3;0;0)
(23;6;3;0;0)
(24;6;3;0;0)
(25;6;3;0;0)
(26;6;3;0;0)
(27;6;3;0;0)
(28;6;3;0;0)
(29;6;3;0;0)
(30;6;3;0;0)
(31;6;2;0;0)
(32;6;2;0;0)
(33;6;5;0;0)
(34;6;5;0;0)
(35;6;5;0;0)
(36;6;5;0;0)
(37;6;5;0;0)
(38;6;5;0;0)
(39;6;5;0;0)
(40;6;2;0;0)
(41;6;2;0;0)
(42;6;2;0;0)
(43;6;2;0;0)
(44;6;2;0;0)
(45;6;3;0;0)
(46;6;3;0;0)
(47;6;3;0;0)
(48;6;3;0;0)
(49;6;3;0;0)
(0;7;3;0;0)
(1;7;3;0;0)
(2;7;3;0;0)
(3;7;3;0;0)
(4;7;3;0;0)
(5;7;3;0;0)
(6;7;3;0;0)
(7;7;3;0;0)
(8;7;3;0;0)
(9;7;3;0;0)
(10;7;3;0;0)
(11;7;3;0;0)
(12;7;3;0;0)
(13;7;3;0;0)
(14;7;3;0;0)
(15;7;3;0;0)
(16;7;3;0;0)
(17;7;3;0;0)
(18;7;3;0;0)
(19;7;3;0;0)
(20;7;3;0;0)
(21;7;3;0;0)
(22;7;3;0;0)
(23;7;3;0;0)
(24;7;3;0;0)
(25;7;3;0;0)
(26;7;3;0;0)
(27;7;3;0;0)
(28;7;3;0;0)
(29;7;3;0;0)
(30;7;2;0;0)
(31;7;2;0;0)
(32;7;2;0;0)
(33;7;5;0;0)
(34;7;5;0;0)
(35;7;5;0;0)
(36;7;5;0;0)
(37;7;5;0;0)
(38;7;5;0;0)
(39;7;5;0;0)
(40;7;5;0;0)
(41;7;5;0;0)
(42;7;2;0;0)
(43;7;2;0;0)
(44;7;2;0;0)
(45;7;2;0;0)
(46;7;2;0;0)
(47;7;2;0;0)
(48;7;3;0;0)
(49;7;3;0;0)
(0;8;3;0;0)
(1;8;3;0;0)
(2;8;3;0;0)
(3;8;3;0;0)
(4;8;3;0;0)
(5;8;3;0;0)
(6;8;3;0;0)
(7;8;3;0;0)
(8;8;3;0;0)
(9;8;3;0;0)
(10;8;3;0;0)
(11;8;3;0;0)
(12;8;3;0;0)
(13;8;3;0;0)
(14;8;3;0;0)
(15;8;3;0;0)
(16;8;3;0;0)
(17;8;3;0;0)
(18;8;3;0;0)
(19;8;3;0;0)
(20;8;3;0;0)
(21;8;3;0;0)
(22;8;3;0;0)
(23;8;3;0;0)
(24;8;3;0;0)
(25;8;3;0;0)
(26;8;3;0;0)
(27;8;3;0;0)
(28;8;3;0;0)
(29;8;2;0;0)
(30;8;2;0;0)
(31;8;0;0;0)
(32;8;0;0;0)
(33;8;0;0;0)
(34;8;0;0;0)
(35;8;0;0;0)
(36;8;4;0;0)
(37;8;4;0;0)
(38;8;5;0;0)
(39;8;5;0;0)
(40;8;5;0;0)
(41;8;5;0;0)
(42;8;5;0;0)
(43;8;5;0;0)
(44;8;5;0;0)
(45;8;5;0;0)
(46;8;5;0;0)
(47;8;2;0;0)
(48;8;2;0;0)
(49;8;3;0;0)
(0;9;3;0;0)
(1;9;3;0;0)
(2;9;3;0;0)
(3;9;3;0;0)
(4;9;3;0;0)
(5;9;3;0;0)
(6;9;3;0;0)
(7;9;3;0;0)
(8;9;3;0;0)
(9;9;3;0;0)
(10;9;3;0;0)
(11;9;3;0;0)
(12;9;3;0;0)
(13;9;3;0;0)
(14;9;3;0;0)
(15;9;3;0;0)
(16;9;3;0;0)
(17;9;3;0;0)
(18;9;3;0;0)
(19;9;3;0;0)
(20;9;3;0;0)
(21;9;3;0;0)
(22;9;3;0;0)
(23;9;3;0;0)
(24;9;3;0;0)
(25;9;3;0;0)
(26;9;3;0;0)
(27;9;3;0;0)
(28;9;3;0;0)
(29;9;2;0;0)
(30;9;0;0;0)
(31;9;0;0;0)
(32;9;0;0;0)
(33;9;0;0;0)
(34;9;0;0;0)
(35;9;0;0;0)
(36;9;4;0;0)
(37;9;4;0;0)
(38;9;4;0;0)
(39;9;4;0;0)
(40;9;5;0;0)
(41;9;5;0;0)
(42;9;5;0;0)
(43;9;5;0;0)
(44;9;5;0;0)
(45;9;5;0;0)
(46;9;5;0;0)
(47;9;2;0;0)
(48;9;2;0;0)
(49;9;3;0;0)
(0;10;3;0;0)
(1;10;3;0;0)
(2;10;3;0;0)
(3;10;3;0;0)
(4;10;3;0;0)
(5;10;3;0;0)
(6;10;3;0;0)
(7;10;3;0;0)
(8;10;3;0;0)
(9;10;3;0;0)
(10;10;3;0;0)
(11;10;3;0;0)
(12;10;3;0;0)
(13;10;3;0;0)
(14;10;3;0;0)
(15;10;3;0;0)
(16;10;3;0;0)
(17;10;3;0;0)
(18;10;3;0;0)
(19;10;3;0;0)
(20;10;3;0;0)
(21;10;3;0;0)
(22;10;3;0;0)
(23;10;3;0;0)
(24;10;3;0;0)
(25;10;3;0;0)
(26;10;3;0;0)
(27;10;3;0;0)
(28;10;2;0;0)
(29;10;2;0;0)
(30;10;0;0;0)
(31;10;0;0;0)
(32;10;0;0;0)
(33;10;0;0;0)
(34;10;0;0;0)
(35;10;0;0;0)
(36;10;0;0;0)
(37;10;0;0;0)
(38;10;4;0;0)
(39;10;4;0;0)
(40;10;4;0;0)
(41;10;5;0;0)
(42;10;5;0;0)
(43;10;5;0;0)
(44;10;5;0;0)
(45;10;5;0;0)
(46;10;5;0;0)
(47;10;5;0;0)
(48;10;2;0;0)
(49;10;3;0;0)
(0;11;3;0;0)
(1;11;3;0;0)
(2;11;3;0;0)
(3;11;3;0;0)
(4;11;3;0;0)
(5;11;3;0;0)
(6;11;3;0;0)
(7;11;3;0;0)
(8;11;3;0;0)
(9;11;3;0;0)
(10;11;3;0;0)
(11;11;3;0;0)
(12;11;3;0;0)
(13;11;3;0;0)
(14;11;3;0;0)
(15;11;3;0;0)
(16;11;3;0;0)
(17;11;3;0;0)
(18;11;3;0;0)
(19;11;3;0;0)
(20;11;3;0;0)
(21;11;3;0;0)
(22;11;3;0;0)
(23;11;3;0;0)
(24;11;3;0;0)
(25;11;3;0;0)
(26;11;3;0;0)
(27;11;2;0;0)
(28;11;2;0;0)
(29;11;0;0;0)
(30;11;0;0;0)
(31;11;0;0;0)
(32;11;0;0;0)
(33;11;0;0;0)
(34;11;0;0;0)
(35;11;0;0;0)
(36;11;0;0;0)
(37;11;0;0;0)
(38;11;0;0;0)
(39;11;4;0;0)
(40;11;4;0;0)
(41;11;4;0;0)
(42;11;4;0;0)
(43;11;5;0;0)
(44;11;5;0;0)
(45;11;5;0;0)
(46;11;5;0;0)
(47;11;5;0;0)
(48;11;5;0;0)
(49;11;3;0;0)
(0;12;3;0;0)
(1;12;3;0;0)
(2;12;3;0;0)
(3;12;3;0;0)
(4;12;3;0;0)
(5;12;3;0;0)
(6;12;3;0;0)
(7;12;3;0;0)
(8;12;3;0;0)
(9;12;3;0;0)
(10;12;3;0;0)
(11;12;3;0;0)
(12;12;3;0;0)
(13;12;3;0;0)
(14;12;3;0;0)
(15;12;3;0;0)
(16;12;3;0;0)
(17;12;3;0;0)
(18;12;3;0;0)
(19;12;3;0;0)
(20;12;3;0;0)
(21;12;3;0;0)
(22;12;3;0;0)
(23;12;3;0;0)
(24;12;3;0;0)
(25;12;3;0;0)
(26;12;2;0;0)
(27;12;2;0;0)
(28;12;0;0;0)
(29;12;0;0;0)
(30;12;0;0;0)
(31;12;0;0;0)
(32;12;0;0;0)
(33;12;0;0;0)
(34;12;0;0;0)
(35;12;0;0;0)
(36;12;0;0;0)
(37;12;0;0;0)
(38;12;0;0;0)
(39;12;0;0;0)
(40;12;4;0;0)
(41;12;4;0;0)
(42;12;4;0;0)
(43;12;4;0;0)
(44;12;5;0;0)
(45;12;5;0;0)
(46;12;5;0;0)
(47;12;5;0;0)
(48;12;5;0;0)
(49;12;3;0;0)
(0;13;3;0;0)
(1;13;3;0;0)
(2;13;3;0;0)
(3;13;3;0;0)
(4;13;3;0;0)
(5;13;3;0;0)
(6;13;3;0;0)
(7;13;3;0;0)
(8;13;3;0;0)
(9;13;3;0;0)
(10;13;3;0;0)
(11;13;3;0;0)
(12;13;3;0;0)
(13;13;3;0;0)
(14;13;3;0;0)
(15;13;3;0;0)
(16;13;3;0;0)
(17;13;3;0;0)
(18;13;3;0;0)
(19;13;3;0;0)
(20;13;3;0;0)
(21;13;3;0;0)
(22;13;3;0;0)
(23;13;3;0;0)
(24;13;3;0;0)
(25;13;3;0;0)
(26;13;2;0;0)
(27;13;0;0;0)
(28;13;0;0;0)
(29;13;0;0;0)
(30;13;0;0;0)
(31;13;0;0;0)
(32;13;0;0;0)
(33;13;0;0;0)
(34;13;0;0;0)
(35;13;0;0;0)
(36;13;0;0;0)
(37;13;0;0;0)
(38;13;0;0;0)
(39;13;0;0;0)
(40;13;4;0;0)
(41;13;4;0;0)
(42;13;4;0;0)
(43;13;4;0;0)
(44;13;4;0;0)
(45;13;5;0;0)
(46;13;5;0;0)
(47;13;5;0;0)
(48;13;5;0;0)
(49;13;3;0;0)
(0;14;3;0;0)
(1;14;3;0;0)
(2;14;3;0;0)
(3;14;3;0;0)
(4;14;3;0;0)
(5;14;3;0;0)
(6;14;3;0;0)
(7;14;3;0;0)
(8;14;3;0;0)
(9;14;3;0;0)
(10;14;3;0;0)
(11;14;3;0;0)
(12;14;3;0;0)
(13;14;3;0;0)
(14;14;3;0;0)
(15;14;3;0;0)
(16;14;3;0;0)
(17;14;3;0;0)
(18;14;3;0;0)
(19;14;3;0;0)
(20;14;3;0;0)
(21;14;3;0;0)
(22;14;3;0;0)
(23;14;3;0;0)
(24;14;3;0;0)
(25;14;2;0;0)
(26;14;0;0;0)
(27;14;0;0;0)
(28;14;0;0;0)
(29;14;0;0;0)
(30;14;0;0;0)
(31;14;0;0;0)
(32;14;0;0;0)
(33;14;0;0;0)
(34;14;0;0;0)
(35;14;0;0;0)
(36;14;0;0;0)
(37;14;0;0;0)
(38;14;0;0;0)
(39;14;0;0;0)
(40;14;0;0;0)
(41;14;4;0;0)
(42;14;4;0;0)
(43;14;4;0;0)
(44;14;4;0;0)
(45;14;4;0;0)
(46;14;0;0;0)
(47;14;2;0;0)
(48;14;5;0;0)
(49;14;3;0;0)
(0;15;3;0;0)
(1;15;3;0;0)
(2;15;3;0;0)
(3;15;3;0;0)
(4;15;3;0;0)
(5;15;3;0;0)
(6;15;3;0;0)
(7;15;3;0;0)
(8;15;3;0;0)
(9;15;3;0;0)
(10;15;3;0;0)
(11;15;3;0;0)
(12;15;3;0;0)
(13;15;3;0;0)
(14;15;3;0;0)
(15;15;3;0;0)
(16;15;3;0;0)
(17;15;3;0;0)
(18;15;3;0;0)
(19;15;3;0;0)
(20;15;3;0;0)
(21;15;3;0;0)
(22;15;3;0;0)
(23;15;3;0;0)
(24;15;3;0;0)
(25;15;0;0;0)
(26;15;0;0;0)
(27;15;0;0;0)
(28;15;9;0;0)
(29;15;0;0;0)
(30;15;0;0;0)
(31;15;0;0;0)
(32;15;0;0;0)
(33;15;1;0;0)
(34;15;1;0;0)
(35;15;1;0;0)
(36;15;0;0;0)
(37;15;0;0;0)
(38;15;0;0;0)
(39;15;0;0;0)
(40;15;0;0;0)
(41;15;0;0;0)
(42;15;4;0;0)
(43;15;4;0;0)
(44;15;4;0;0)
(45;15;4;0;0)
(46;15;0;0;0)
(47;15;2;0;0)
(48;15;5;0;0)
(49;15;3;0;0)
(0;16;3;0;0)
(1;16;3;0;0)
(2;16;3;0;0)
(3;16;3;0;0)
(4;16;3;0;0)
(5;16;3;0;0)
(6;16;3;0;0)
(7;16;3;0;0)
(8;16;3;0;0)
(9;16;3;0;0)
(10;16;3;0;0)
(11;16;3;0;0)
(12;16;3;0;0)
(13;16;3;0;0)
(14;16;3;0;0)
(15;16;3;0;0)
(16;16;3;0;0)
(17;16;3;0;0)
(18;16;3;0;0)
(19;16;3;0;0)
(20;16;3;0;0)
(21;16;3;0;0)
(22;16;3;0;0)
(23;16;3;0;0)
(24;16;3;0;0)
(25;16;0;0;0)
(26;16;0;0;0)
(27;16;0;0;0)
(28;16;0;0;0)
(29;16;0;0;0)
(30;16;0;0;0)
(31;16;1;0;0)
(32;16;1;0;0)
(33;16;1;0;0)
(34;16;1;0;0)
(35;16;1;0;0)
(36;16;1;0;0)
(37;16;0;0;0)
(38;16;0;0;0)
(39;16;0;0;0)
(40;16;10;0;0)
(41;16;0;0;0)
(42;16;0;0;0)
(43;16;4;0;0)
(44;16;4;0;0)
(45;16;4;0;0)
(46;16;0;0;0)
(47;16;2;0;0)
(48;16;5;0;0)
(49;16;3;0;0)
(0;17;3;0;0)
(1;17;3;0;0)
(2;17;3;0;0)
(3;17;3;0;0)
(4;17;3;0;0)
(5;17;3;0;0)
(6;17;3;0;0)
(7;17;3;0;0)
(8;17;3;0;0)
(9;17;3;0;0)
(10;17;3;0;0)
(11;17;3;0;0)
(12;17;3;0;0)
(13;17;3;0;0)
(14;17;3;0;0)
(15;17;3;0;0)
(16;17;3;0;0)
(17;17;3;0;0)
(18;17;3;0;0)
(19;17;3;0;0)
(20;17;3;0;0)
(21;17;3;0;0)
(22;17;3;0;0)
(23;17;3;0;0)
(24;17;3;0;0)
(25;17;3;0;0)
(26;17;3;0;0)
(27;17;2;0;0)
(28;17;2;0;0)
(29;17;2;0;0)
(30;17;0;0;0)
(31;17;2;0;0)
(32;17;2;0;0)
(33;17;2;0;0)
(34;17;2;0;0)
(35;17;2;0;0)
(36;17;2;0;0)
(37;17;1;0;0)
(38;17;1;0;0)
(39;17;1;0;0)
(40;17;0;0;0)
(41;17;0;0;0)
(42;17;0;0;0)
(43;17;0;0;0)
(44;17;4;0;0)
(45;17;4;0;0)
(46;17;0;0;0)
(47;17;2;0;0)
(48;17;5;0;0)
(49;17;3;0;0)
(0;18;3;0;0)
(1;18;3;0;0)
(2;18;3;0;0)
(3;18;3;0;0)
(4;18;3;0;0)
(5;18;3;0;0)
(6;18;3;0;0)
(7;18;3;0;0)
(8;18;3;0;0)
(9;18;3;0;0)
(10;18;3;0;0)
(11;18;3;0;0)
(12;18;3;0;0)
(13;18;3;0;0)
(14;18;3;0;0)
(15;18;3;0;0)
(16;18;3;0;0)
(17;18;3;0;0)
(18;18;3;0;0)
(19;18;3;0;0)
(20;18;3;0;0)
(21;18;3;0;0)
(22;18;3;0;0)
(23;18;3;0;0)
(24;18;3;0;0)
(25;18;3;0;0)
(26;18;3;0;0)
(27;18;2;0;0)
(28;18;2;0;0)
(29;18;2;0;0)
(30;18;2;0;0)
(31;18;2;0;0)
(32;18;2;0;0)
(33;18;2;0;0)
(34;18;2;0;0)
(35;18;2;0;0)
(36;18;2;0;0)
(37;18;2;0;0)
(38;18;2;0;0)
(39;18;2;0;0)
(40;18;1;0;0)
(41;18;1;0;0)
(42;18;1;0;0)
(43;18;1;0;0)
(44;18;4;0;0)
(45;18;2;0;0)
(46;18;2;0;0)
(47;18;2;0;0)
(48;18;3;0;0)
(49;18;3;0;0)
(0;19;3;0;0)
(1;19;3;0;0)
(2;19;3;0;0)
(3;19;3;0;0)
(4;19;3;0;0)
(5;19;3;0;0)
(6;19;3;0;0)
(7;19;3;0;0)
(8;19;3;0;0)
(9;19;3;0;0)
(10;19;3;0;0)
(11;19;3;0;0)
(12;19;3;0;0)
(13;19;3;0;0)
(14;19;3;0;0)
(15;19;3;0;0)
(16;19;3;0;0)
(17;19;3;0;0)
(18;19;3;0;0)
(19;19;3;0;0)
(20;19;3;0;0)
(21;19;3;0;0)
(22;19;3;0;0)
(23;19;3;0;0)
(24;19;3;0;0)
(25;19;3;0;0)
(26;19;3;0;0)
(27;19;3;0;0)
(28;19;2;0;0)
(29;19;2;0;0)
(30;19;2;0;0)
(31;19;2;0;0)
(32;19;2;0;0)
(33;19;3;0;0)
(34;19;3;0;0)
(35;19;3;0;0)
(36;19;2;0;0)
(37;19;2;0;0)
(38;19;2;0;0)
(39;19;2;0;0)
(40;19;2;0;0)
(41;19;1;0;0)
(42;19;1;0;0)
(43;19;1;0;0)
(44;19;1;0;0)
(45;19;2;0;0)
(46;19;2;0;0)
(47;19;3;0;0)
(48;19;3;0;0)
(49;19;3;0;0)
(0;20;3;0;0)
(1;20;3;0;0)
(2;20;3;0;0)
(3;20;3;0;0)
(4;20;3;0;0)
(5;20;3;0;0)
(6;20;3;0;0)
(7;20;3;0;0)
(8;20;3;0;0)
(9;20;3;0;0)
(10;20;3;0;0)
(11;20;3;0;0)
(12;20;3;0;0)
(13;20;3;0;0)
(14;20;3;0;0)
(15;20;3;0;0)
(16;20;3;0;0)
(17;20;3;0;0)
(18;20;3;0;0)
(19;20;3;0;0)
(20;20;3;0;0)
(21;20;3;0;0)
(22;20;3;0;0)
(23;20;3;0;0)
(24;20;3;0;0)
(25;20;3;0;0)
(26;20;3;0;0)
(27;20;3;0;0)
(28;20;3;0;0)
(29;20;3;0;0)
(30;20;3;0;0)
(31;20;3;0;0)
(32;20;3;0;0)
(33;20;3;0;0)
(34;20;3;0;0)
(35;20;3;0;0)
(36;20;3;0;0)
(37;20;3;0;0)
(38;20;3;0;0)
(39;20;2;0;0)
(40;20;2;0;0)
(41;20;2;0;0)
(42;20;2;0;0)
(43;20;2;0;0)
(44;20;2;0;0)
(45;20;2;0;0)
(46;20;3;0;0)
(47;20;3;0;0)
(48;20;3;0;0)
(49;20;3;0;0)
(0;21;3;0;0)
(1;21;3;0;0)
(2;21;3;0;0)
(3;21;3;0;0)
(4;21;3;0;0)
(5;21;3;0;0)
(6;21;3;0;0)
(7;21;3;0;0)
(8;21;3;0;0)
(9;21;3;0;0)
(10;21;3;0;0)
(11;21;3;0;0)
(12;21;3;0;0)
(13;21;3;0;0)
(14;21;3;0;0)
(15;21;3;0;0)
(16;21;3;0;0)
(17;21;3;0;0)
(18;21;3;0;0)
(19;21;3;0;0)
(20;21;3;0;0)
(21;21;3;0;0)
(22;21;3;0;0)
(23;21;3;0;0)
(24;21;3;0;0)
(25;21;3;0;0)
(26;21;3;0;0)
(27;21;3;0;0)
(28;21;3;0;0)
(29;21;3;0;0)
(30;21;3;0;0)
(31;21;3;0;0)
(32;21;3;0;0)
(33;21;3;0;0)
(34;21;3;0;0)
(35;21;3;0;0)
(36;21;3;0;0)
(37;21;3;0;0)
(38;21;3;0;0)
(39;21;3;0;0)
(40;21;3;0;0)
(41;21;3;0;0)
(42;21;2;0;0)
(43;21;3;0;0)
(44;21;2;0;0)
(45;21;3;0;0)
(46;21;3;0;0)
(47;21;3;0;0)
(48;21;3;0;0)
(49;21;3;0;0)
(0;22;3;0;0)
(1;22;3;0;0)
(2;22;3;0;0)
(3;22;3;0;0)
(4;22;3;0;0)
(5;22;3;0;0)
(6;22;3;0;0)
(7;22;3;0;0)
(8;22;3;0;0)
(9;22;3;0;0)
(10;22;3;0;0)
(11;22;3;0;0)
(12;22;3;0;0)
(13;22;3;0;0)
(14;22;3;0;0)
(15;22;3;0;0)
(16;22;3;0;0)
(17;22;3;0;0)
(18;22;3;0;0)
(19;22;3;0;0)
(20;22;3;0;0)
(21;22;3;0;0)
(22;22;3;0;0)
(23;22;3;0;0)
(24;22;3;0;0)
(25;22;3;0;0)
(26;22;3;0;0)
(27;22;3;0;0)
(28;22;3;0;0)
(29;22;3;0;0)
(30;22;3;0;0)
(31;22;3;0;0)
(32;22;3;0;0)
(33;22;3;0;0)
(34;22;3;0;0)
(35;22;3;0;0)
(36;22;3;0;0)
(37;22;3;0;0)
(38;22;3;0;0)
(39;22;3;0;0)
(40;22;3;0;0)
(41;22;3;0;0)
(42;22;3;0;0)
(43;22;3;0;0)
(44;22;3;0;0)
(45;22;3;0;0)
(46;22;3;0;0)
(47;22;3;0;0)
(48;22;3;0;0)
(49;22;3;0;0)
(0;23;3;0;0)
(1;23;3;0;0)
(2;23;3;0;0)
(3;23;3;0;0)
(4;23;3;0;0)
(5;23;3;0;0)
(6;23;3;0;0)
(7;23;3;0;0)
(8;23;3;0;0)
(9;23;3;0;0)
(10;23;3;0;0)
(11;23;3;0;0)
(12;23;3;0;0)
(13;23;3;0;0)
(14;23;3;0;0)
(15;23;3;0;0)
(16;23;3;0;0)
(17;23;3;0;0)
(18;23;3;0;0)
(19;23;3;0;0)
(20;23;3;0;0)
(21;23;3;0;0)
(22;23;3;0;0)
(23;23;3;0;0)
(24;23;3;0;0)
(25;23;3;0;0)
(26;23;3;0;0)
(27;23;3;0;0)
(28;23;3;0;0)
(29;23;3;0;0)
(30;23;3;0;0)
(31;23;3;0;0)
(32;23;3;0;0)
(33;23;3;0;0)
(34;23;3;0;0)
(35;23;3;0;0)
(36;23;3;0;0)
(37;23;3;0;0)
(38;23;3;0;0)
(39;23;3;0;0)
(40;23;3;0;0)
(41;23;3;0;0)
(42;23;3;0;0)
(43;23;3;0;0)
(44;23;3;0;0)
(45;23;3;0;0)
(46;23;3;0;0)
(47;23;3;0;0)
(48;23;3;0;0)
(49;23;3;0;0)
(0;24;3;0;0)
(1;24;3;0;0)
(2;24;3;0;0)
(3;24;3;0;0)
(4;24;3;0;0)
(5;24;3;0;0)
(6;24;3;0;0)
(7;24;3;0;0)
(8;24;3;0;0)
(9;24;3;0;0)
(10;24;3;0;0)
(11;24;3;0;0)
(12;24;3;0;0)
(13;24;3;0;0)
(14;24;3;0;0)
(15;24;3;0;0)
(16;24;3;0;0)
(17;24;3;0;0)
(18;24;3;0;0)
(19;24;3;0;0)
(20;24;3;0;0)
(21;24;3;0;0)
(22;24;3;0;0)
(23;24;3;0;0)
(24;24;3;0;0)
(25;24;3;0;0)
(26;24;3;0;0)
(27;24;3;0;0)
(28;24;3;0;0)
(29;24;3;0;0)
(30;24;3;0;0)
(31;24;3;0;0)
(32;24;3;0;0)
(33;24;3;0;0)
(34;24;3;0;0)
(35;24;3;0;0)
(36;24;3;0;0)
(37;24;3;0;0)
(38;24;3;0;0)
(39;24;3;0;0)
(40;24;3;0;0)
(41;24;3;0;0)
(42;24;3;0;0)
(43;24;3;0;0)
(44;24;3;0;0)
(45;24;3;0;0)
(46;24;3;0;0)
(47;24;3;0;0)
(48;24;3;0;0)
(49;24;3;0;0)
(0;25;3;0;0)
(1;25;3;0;0)
(2;25;3;0;0)
(3;25;3;0;0)
(4;25;3;0;0)
(5;25;3;0;0)
(6;25;3;0;0)
(7;25;3;0;0)
(8;25;3;0;0)
(9;25;3;0;0)
(10;25;3;0;0)
(11;25;3;0;0)
(12;25;3;0;0)
(13;25;3;0;0)
(14;25;3;0;0)
(15;25;3;0;0)
(16;25;3;0;0)
(17;25;3;0;0)
(18;25;3;0;0)
(19;25;3;0;0)
(20;25;3;0;0)
(21;25;3;0;0)
(22;25;3;0;0)
(23;25;3;0;0)
(24;25;3;0;0)
(25;25;3;0;0)
(26;25;3;0;0)
(27;25;3;0;0)
(28;25;3;0;0)
(29;25;3;0;0)
(30;25;3;0;0)
(31;25;3;0;0)
(32;25;3;0;0)
(33;25;3;0;0)
(34;25;3;0;0)
(35;25;3;0;0)
(36;25;3;0;0)
(37;25;3;0;0)
(38;25;3;0;0)
(39;25;3;0;0)
(40;25;3;0;0)
(41;25;3;0;0)
(42;25;3;0;0)
(43;25;3;0;0)
(44;25;3;0;0)
(45;25;3;0;0)
(46;25;3;0;0)
(47;25;3;0;0)
(48;25;3;0;0)
(49;25;3;0;0)
(0;26;3;0;0)
(1;26;3;0;0)
(2;26;3;0;0)
(3;26;3;0;0)
(4;26;3;0;0)
(5;26;3;0;0)
(6;26;3;0;0)
(7;26;3;0;0)
(8;26;3;0;0)
(9;26;3;0;0)
(10;26;3;0;0)
(11;26;3;0;0)
(12;26;3;0;0)
(13;26;3;0;0)
(14;26;3;0;0)
(15;26;3;0;0)
(16;26;3;0;0)
(17;26;3;0;0)
(18;26;3;0;0)
(19;26;3;0;0)
(20;26;3;0;0)
(21;26;3;0;0)
(22;26;3;0;0)
(23;26;3;0;0)
(24;26;3;0;0)
(25;26;3;0;0)
(26;26;3;0;0)
(27;26;3;0;0)
(28;26;3;0;0)
(29;26;3;0;0)
(30;26;3;0;0)
(31;26;3;0;0)
(32;26;3;0;0)
(33;26;3;0;0)
(34;26;3;0;0)
(35;26;3;0;0)
(36;26;3;0;0)
(37;26;3;0;0)
(38;26;3;0;0)
(39;26;3;0;0)
(40;26;3;0;0)
(41;26;3;0;0)
(42;26;3;0;0)
(43;26;3;0;0)
(44;26;3;0;0)
(45;26;3;0;0)
(46;26;3;0;0)
(47;26;3;0;0)
(48;26;3;0;0)
(49;26;3;0;0)
(0;27;3;0;0)
(1;27;3;0;0)
(2;27;3;0;0)
(3;27;3;0;0)
(4;27;3;0;0)
(5;27;3;0;0)
(6;27;3;0;0)
(7;27;3;0;0)
(8;27;3;0;0)
(9;27;3;0;0)
(10;27;3;0;0)
(11;27;3;0;0)
(12;27;3;0;0)
(13;27;3;0;0)
(14;27;3;0;0)
(15;27;3;0;0)
(16;27;3;0;0)
(17;27;3;0;0)
(18;27;3;0;0)
(19;27;3;0;0)
(20;27;3;0;0)
(21;27;3;0;0)
(22;27;3;0;0)
(23;27;3;0;0)
(24;27;3;0;0)
(25;27;3;0;0)
(26;27;3;0;0)
(27;27;3;0;0)
(28;27;3;0;0)
(29;27;3;0;0)
(30;27;3;0;0)
(31;27;3;0;0)
(32;27;3;0;0)
(33;27;3;0;0)
(34;27;3;0;0)
(35;27;3;0;0)
(36;27;3;0;0)
(37;27;3;0;0)
(38;27;3;0;0)
(39;27;3;0;0)
(40;27;3;0;0)
(41;27;3;0;0)
(42;27;3;0;0)
(43;27;3;0;0)
(44;27;3;0;0)
(45;27;3;0;0)
(46;27;3;0;0)
(47;27;3;0;0)
(48;27;3;0;0)
(49;27;3;0;0)
(0;28;3;0;0)
(1;28;3;0;0)
(2;28;3;0;0)
(3;28;3;0;0)
(4;28;3;0;0)
(5;28;3;0;0)
(6;28;3;0;0)
(7;28;3;0;0)
(8;28;3;0;0)
(9;28;3;0;0)
(10;28;3;0;0)
(11;28;3;0;0)
(12;28;3;0;0)
(13;28;3;0;0)
(14;28;3;0;0)
(15;28;3;0;0)
(16;28;3;0;0)
(17;28;3;0;0)
(18;28;3;0;0)
(19;28;3;0;0)
(20;28;3;0;0)
(21;28;3;0;0)
(22;28;3;0;0)
(23;28;3;0;0)
(24;28;3;0;0)
(25;28;3;0;0)
(26;28;3;0;0)
(27;28;3;0;0)
(28;28;3;0;0)
(29;28;3;0;0)
(30;28;3;0;0)
(31;28;3;0;0)
(32;28;3;0;0)
(33;28;3;0;0)
(34;28;3;0;0)
(35;28;3;0;0)
(36;28;3;0;0)
(37;28;3;0;0)
(38;28;3;0;0)
(39;28;3;0;0)
(40;28;3;0;0)
(41;28;3;0;0)
(42;28;3;0;0)
(43;28;3;0;0)
(44;28;3;0;0)
(45;28;3;0;0)
(46;28;3;0;0)
(47;28;3;0;0)
(48;28;3;0;0)
(49;28;3;0;0)
(0;29;3;0;0)
(1;29;3;0;0)
(2;29;3;0;0)
(3;29;3;0;0)
(4;29;3;0;0)
(5;29;3;0;0)
(6;29;3;0;0)
(7;29;3;0;0)
(8;29;3;0;0)
(9;29;3;0;0)
(10;29;3;0;0)
(11;29;3;0;0)
(12;29;3;0;0)
(13;29;3;0;0)
(14;29;3;0;0)
(15;29;3;0;0)
(16;29;3;0;0)
(17;29;3;0;0)
(18;29;3;0;0)
(19;29;3;0;0)
(20;29;3;0;0)
(21;29;3;0;0)
(22;29;3;0;0)
(23;29;3;0;0)
(24;29;3;0;0)
(25;29;3;0;0)
(26;29;3;0;0)
(27;29;3;0;0)
(28;29;3;0;0)
(29;29;3;0;0)
(30;29;3;0;0)
(31;29;3;0;0)
(32;29;3;0;0)
(33;29;3;0;0)
(34;29;3;0;0)
(35;29;3;0;0)
(36;29;3;0;0)
(37;29;3;0;0)
(38;29;3;0;0)
(39;29;3;0;0)
(40;29;3;0;0)
(41;29;3;0;0)
(42;29;3;0;0)
(43;29;3;0;0)
(44;29;3;0;0)
(45;29;3;0;0)
(46;29;3;0;0)
(47;29;3;0;0)
(48;29;3;0;0)
(49;29;3;0;0)
(0;30;3;0;0)
(1;30;3;0;0)
(2;30;3;0;0)
(3;30;3;0;0)
(4;30;3;0;0)
(5;30;3;0;0)
(6;30;3;0;0)
(7;30;3;0;0)
(8;30;3;0;0)
(9;30;3;0;0)
(10;30;3;0;0)
(11;30;3;0;0)
(12;30;3;0;0)
(13;30;3;0;0)
(14;30;3;0;0)
(15;30;3;0;0)
(16;30;3;0;0)
(17;30;3;0;0)
(18;30;3;0;0)
(19;30;3;0;0)
(20;30;3;0;0)
(21;30;3;0;0)
(22;30;3;0;0)
(23;30;3;0;0)
(24;30;3;0;0)
(25;30;3;0;0)
(26;30;3;0;0)
(27;30;3;0;0)
(28;30;3;0;0)
(29;30;3;0;0)
(30;30;3;0;0)
(31;30;3;0;0)
(32;30;3;0;0)
(33;30;3;0;0)
(34;30;3;0;0)
(35;30;3;0;0)
(36;30;3;0;0)
(37;30;3;0;0)
(38;30;3;0;0)
(39;30;3;0;0)
(40;30;3;0;0)
(41;30;3;0;0)
(42;30;3;0;0)
(43;30;3;0;0)
(44;30;3;0;0)
(45;30;3;0;0)
(46;30;3;0;0)
(47;30;3;0;0)
(48;30;3;0;0)
(49;30;3;0;0)
(0;31;3;0;0)
(1;31;3;0;0)
(2;31;3;0;0)
(3;31;3;0;0)
(4;31;3;0;0)
(5;31;3;0;0)
(6;31;3;0;0)
(7;31;3;0;0)
(8;31;3;0;0)
(9;31;3;0;0)
(10;31;3;0;0)
(11;31;3;0;0)
(12;31;3;0;0)
(13;31;3;0;0)
(14;31;3;0;0)
(15;31;3;0;0)
(16;31;3;0;0)
(17;31;3;0;0)
(18;31;3;0;0)
(19;31;3;0;0)
(20;31;3;0;0)
(21;31;3;0;0)
(22;31;3;0;0)
(23;31;3;0;0)
(24;31;3;0;0)
(25;31;3;0;0)
(26;31;3;0;0)
(27;31;3;0;0)
(28;31;3;0;0)
(29;31;3;0;0)
(30;31;3;0;0)
(31;31;3;0;0)
(32;31;3;0;0)
(33;31;3;0;0)
(34;31;3;0;0)
(35;31;3;0;0)
(36;31;3;0;0)
(37;31;3;0;0)
(38;31;3;0;0)
(39;31;3;0;0)
(40;31;3;0;0)
(41;31;3;0;0)
(42;31;3;0;0)
(43;31;3;0;0)
(44;31;3;0;0)
(45;31;3;0;0)
(46;31;3;0;0)
(47;31;3;0;0)
(48;31;3;0;0)
(49;31;3;0;0)
(0;32;3;0;0)
(1;32;3;0;0)
(2;32;3;0;0)
(3;32;3;0;0)
(4;32;3;0;0)
(5;32;3;0;0)
(6;32;3;0;0)
(7;32;3;0;0)
(8;32;3;0;0)
(9;32;3;0;0)
(10;32;3;0;0)
(11;32;3;0;0)
(12;32;3;0;0)
(13;32;3;0;0)
(14;32;3;0;0)
(15;32;3;0;0)
(16;32;3;0;0)
(17;32;3;0;0)
(18;32;3;0;0)
(19;32;3;0;0)
(20;32;3;0;0)
(21;32;3;0;0)
(22;32;3;0;0)
(23;32;3;0;0)
(24;32;3;0;0)
(25;32;3;0;0)
(26;32;3;0;0)
(27;32;3;0;0)
(28;32;3;0;0)
(29;32;3;0;0)
(30;32;3;0;0)
(31;32;3;0;0)
(32;32;3;0;0)
(33;32;3;0;0)
(34;32;3;0;0)
(35;32;3;0;0)
(36;32;3;0;0)
(37;32;3;0;0)
(38;32;3;0;0)
(39;32;3;0;0)
(40;32;3;0;0)
(41;32;3;0;0)
(42;32;3;0;0)
(43;32;3;0;0)
(44;32;3;0;0)
(45;32;3;0;0)
(46;32;3;0;0)
(47;32;3;0;0)
(48;32;3;0;0)
(49;32;3;0;0)
(0;33;3;0;0)
(1;33;3;0;0)
(2;33;3;0;0)
(3;33;3;0;0)
(4;33;3;0;0)
(5;33;3;0;0)
(6;33;3;0;0)
(7;33;3;0;0)
(8;33;3;0;0)
(9;33;3;0;0)
(10;33;3;0;0)
(11;33;3;0;0)
(12;33;3;0;0)
(13;33;3;0;0)
(14;33;3;0;0)
(15;33;3;0;0)
(16;33;3;0;0)
(17;33;3;0;0)
(18;33;3;0;0)
(19;33;3;0;0)
(20;33;3;0;0)
(21;33;3;0;0)
(22;33;3;0;0)
(23;33;3;0;0)
(24;33;3;0;0)
(25;33;3;0;0)
(26;33;3;0;0)
(27;33;3;0;0)
(28;33;3;0;0)
(29;33;3;0;0)
(30;33;3;0;0)
(31;33;3;0;0)
(32;33;3;0;0)
(33;33;3;0;0)
(34;33;3;0;0)
(35;33;3;0;0)
(36;33;3;0;0)
(37;33;3;0;0)
(38;33;3;0;0)
(39;33;3;0;0)
(40;33;3;0;0)
(41;33;3;0;0)
(42;33;3;0;0)
(43;33;3;0;0)
(44;33;3;0;0)
(45;33;3;0;0)
(46;33;3;0;0)
(47;33;3;0;0)
(48;33;3;0;0)
(49;33;3;0;0)
(0;34;3;0;0)
(1;34;3;0;0)
(2;34;3;0;0)
(3;34;3;0;0)
(4;34;3;0;0)
(5;34;3;0;0)
(6;34;3;0;0)
(7;34;3;0;0)
(8;34;3;0;0)
(9;34;3;0;0)
(10;34;3;0;0)
(11;34;3;0;0)
(12;34;3;0;0)
(13;34;3;0;0)
(14;34;3;0;0)
(15;34;3;0;0)
(16;34;3;0;0)
(17;34;3;0;0)
(18;34;3;0;0)
(19;34;3;0;0)
(20;34;3;0;0)
(21;34;3;0;0)
(22;34;3;0;0)
(23;34;3;0;0)
(24;34;3;0;0)
(25;34;3;0;0)
(26;34;3;0;0)
(27;34;3;0;0)
(28;34;3;0;0)
(29;34;3;0;0)
(30;34;3;0;0)
(31;34;3;0;0)
(32;34;3;0;0)
(33;34;3;0;0)
(34;34;3;0;0)
(35;34;3;0;0)
(36;34;3;0;0)
(37;34;3;0;0)
(38;34;3;0;0)
(39;34;3;0;0)
(40;34;3;0;0)
(41;34;3;0;0)
(42;34;3;0;0)
(43;34;3;0;0)
(44;34;3;0;0)
(45;34;3;0;0)
(46;34;3;0;0)
(47;34;3;0;0)
(48;34;3;0;0)
(49;34;3;0;0)
(0;35;3;0;0)
(1;35;3;0;0)
(2;35;3;0;0)
(3;35;3;0;0)
(4;35;3;0;0)
(5;35;3;0;0)
(6;35;3;0;0)
(7;35;3;0;0)
(8;35;3;0;0)
(9;35;3;0;0)
(10;35;3;0;0)
(11;35;3;0;0)
(12;35;3;0;0)
(13;35;3;0;0)
(14;35;3;0;0)
(15;35;3;0;0)
(16;35;3;0;0)
(17;35;3;0;0)
(18;35;3;0;0)
(19;35;3;0;0)
(20;35;3;0;0)
(21;35;3;0;0)
(22;35;3;0;0)
(23;35;3;0;0)
(24;35;3;0;0)
(25;35;3;0;0)
(26;35;3;0;0)
(27;35;3;0;0)
(28;35;3;0;0)
(29;35;3;0;0)
(30;35;3;0;0)
(31;35;3;0;0)
(32;35;3;0;0)
(33;35;3;0;0)
(34;35;3;0;0)
(35;35;3;0;0)
(36;35;3;0;0)
(37;35;3;0;0)
(38;35;3;0;0)
(39;35;3;0;0)
(40;35;3;0;0)
(41;35;3;0;0)
(42;35;3;0;0)
(43;35;3;0;0)
(44;35;3;0;0)
(45;35;3;0;0)
(46;35;3;0;0)
(47;35;3;0;0)
(48;35;3;0;0)
(49;35;3;0;0)
(0;36;3;0;0)
(1;36;3;0;0)
(2;36;3;0;0)
(3;36;3;0;0)
(4;36;3;0;0)
(5;36;3;0;0)
(6;36;3;0;0)
(7;36;3;0;0)
(8;36;3;0;0)
(9;36;3;0;0)
(10;36;3;0;0)
(11;36;3;0;0)
(12;36;3;0;0)
(13;36;3;0;0)
(14;36;3;0;0)
(15;36;3;0;0)
(16;36;3;0;0)
(17;36;3;0;0)
(18;36;3;0;0)
(19;36;3;0;0)
(20;36;3;0;0)
(21;36;3;0;0)
(22;36;3;0;0)
(23;36;3;0;0)
(24;36;3;0;0)
(25;36;3;0;0)
(26;36;3;0;0)
(27;36;3;0;0)
(28;36;3;0;0)
(29;36;3;0;0)
(30;36;3;0;0)
(31;36;3;0;0)
(32;36;3;0;0)
(33;36;3;0;0)
(34;36;3;0;0)
(35;36;3;0;0)
(36;36;3;0;0)
(37;36;3;0;0)
(38;36;3;0;0)
(39;36;3;0;0)
(40;36;3;0;0)
(41;36;3;0;0)
(42;36;3;0;0)
(43;36;3;0;0)
(44;36;3;0;0)
(45;36;3;0;0)
(46;36;3;0;0)
(47;36;3;0;0)
(48;36;3;0;0)
(49;36;3;0;0)
(0;37;3;0;0)
(1;37;3;0;0)
(2;37;3;0;0)
(3;37;3;0;0)
(4;37;3;0;0)
(5;37;3;0;0)
(6;37;3;0;0)
(7;37;3;0;0)
(8;37;3;0;0)
(9;37;3;0;0)
(10;37;3;0;0)
(11;37;3;0;0)
(12;37;3;0;0)
(13;37;3;0;0)
(14;37;3;0;0)
(15;37;3;0;0)
(16;37;3;0;0)
(17;37;3;0;0)
(18;37;3;0;0)
(19;37;3;0;0)
(20;37;3;0;0)
(21;37;3;0;0)
(22;37;3;0;0)
(23;37;3;0;0)
(24;37;3;0;0)
(25;37;3;0;0)
(26;37;3;0;0)
(27;37;3;0;0)
(28;37;3;0;0)
(29;37;3;0;0)
(30;37;3;0;0)
(31;37;3;0;0)
(32;37;3;0;0)
(33;37;3;0;0)
(34;37;3;0;0)
(35;37;3;0;0)
(36;37;3;0;0)
(37;37;3;0;0)
(38;37;3;0;0)
(39;37;3;0;0)
(40;37;3;0;0)
(41;37;3;0;0)
(42;37;3;0;0)
(43;37;3;0;0)
(44;37;3;0;0)
(45;37;3;0;0)
(46;37;3;0;0)
(47;37;3;0;0)
(48;37;3;0;0)
(49;37;3;0;0)
(0;38;3;0;0)
(1;38;3;0;0)
(2;38;3;0;0)
(3;38;3;0;0)
(4;38;3;0;0)
(5;38;3;0;0)
(6;38;3;0;0)
(7;38;3;0;0)
(8;38;3;0;0)
(9;38;3;0;0)
(10;38;3;0;0)
(11;38;3;0;0)
(12;38;3;0;0)
(13;38;3;0;0)
(14;38;3;0;0)
(15;38;3;0;0)
(16;38;3;0;0)
(17;38;3;0;0)
(18;38;3;0;0)
(19;38;3;0;0)
(20;38;3;0;0)
(21;38;3;0;0)
(22;38;3;0;0)
(23;38;3;0;0)
(24;38;3;0;0)
(25;38;3;0;0)
(26;38;3;0;0)
(27;38;3;0;0)
(28;38;3;0;0)
(29;38;3;0;0)
(30;38;3;0;0)
(31;38;3;0;0)
(32;38;3;0;0)
(33;38;3;0;0)
(34;38;3;0;0)
(35;38;3;0;0)
(36;38;3;0;0)
(37;38;3;0;0)
(38;38;3;0;0)
(39;38;3;0;0)
(40;38;3;0;0)
(41;38;3;0;0)
(42;38;3;0;0)
(43;38;3;0;0)
(44;38;3;0;0)
(45;38;3;0;0)
(46;38;3;0;0)
(47;38;3;0;0)
(48;38;3;0;0)
(49;38;3;0;0)
(0;39;3;0;0)
(1;39;3;0;0)
(2;39;3;0;0)
(3;39;3;0;0)
(4;39;3;0;0)
(5;39;3;0;0)
(6;39;3;0;0)
(7;39;3;0;0)
(8;39;3;0;0)
(9;39;3;0;0)
(10;39;3;0;0)
(11;39;3;0;0)
(12;39;3;0;0)
(13;39;3;0;0)
(14;39;3;0;0)
(15;39;3;0;0)
(16;39;3;0;0)
(17;39;3;0;0)
(18;39;3;0;0)
(19;39;3;0;0)
(20;39;3;0;0)
(21;39;3;0;0)
(22;39;3;0;0)
(23;39;3;0;0)
(24;39;3;0;0)
(25;39;3;0;0)
(26;39;3;0;0)
(27;39;3;0;0)
(28;39;3;0;0)
(29;39;3;0;0)
(30;39;3;0;0)
(31;39;3;0;0)
(32;39;3;0;0)
(33;39;3;0;0)
(34;39;3;0;0)
(35;39;3;0;0)
(36;39;3;0;0)
(37;39;3;0;0)
(38;39;3;0;0)
(39;39;3;0;0)
(40;39;3;0;0)
(41;39;3;0;0)
(42;39;3;0;0)
(43;39;3;0;0)
(44;39;3;0;0)
(45;39;3;0;0)
(46;39;3;0;0)
(47;39;3;0;0)
(48;39;3;0;0)
(49;39;3;0;0)
(0;40;3;0;0)
(1;40;3;0;0)
(2;40;3;0;0)
(3;40;3;0;0)
(4;40;3;0;0)
(5;40;3;0;0)
(6;40;3;0;0)
(7;40;3;0;0)
(8;40;3;0;0)
(9;40;3;0;0)
(10;40;3;0;0)
(11;40;3;0;0)
(12;40;3;0;0)
(13;40;3;0;0)
(14;40;3;0;0)
(15;40;3;0;0)
(16;40;3;0;0)
(17;40;3;0;0)
(18;40;3;0;0)
(19;40;3;0;0)
(20;40;3;0;0)
(21;40;3;0;0)
(22;40;3;0;0)
(23;40;3;0;0)
(24;40;3;0;0)
(25;40;3;0;0)
(26;40;3;0;0)
(27;40;3;0;0)
(28;40;3;0;0)
(29;40;3;0;0)
(30;40;3;0;0)
(31;40;3;0;0)
(32;40;3;0;0)
(33;40;3;0;0)
(34;40;3;0;0)
(35;40;3;0;0)
(36;40;3;0;0)
(37;40;3;0;0)
(38;40;3;0;0)
(39;40;3;0;0)
(40;40;3;0;0)
(41;40;3;0;0)
(42;40;3;0;0)
(43;40;3;0;0)
(44;40;3;0;0)
(45;40;3;0;0)
(46;40;3;0;0)
(47;40;3;0;0)
(48;40;3;0;0)
(49;40;3;0;0)
(0;41;3;0;0)
(1;41;3;0;0)
(2;41;3;0;0)
(3;41;3;0;0)
(4;41;3;0;0)
(5;41;3;0;0)
(6;41;3;0;0)
(7;41;3;0;0)
(8;41;3;0;0)
(9;41;3;0;0)
(10;41;3;0;0)
(11;41;3;0;0)
(12;41;3;0;0)
(13;41;3;0;0)
(14;41;3;0;0)
(15;41;3;0;0)
(16;41;3;0;0)
(17;41;3;0;0)
(18;41;3;0;0)
(19;41;3;0;0)
(20;41;3;0;0)
(21;41;3;0;0)
(22;41;3;0;0)
(23;41;3;0;0)
(24;41;3;0;0)
(25;41;3;0;0)
(26;41;3;0;0)
(27;41;3;0;0)
(28;41;3;0;0)
(29;41;3;0;0)
(30;41;3;0;0)
(31;41;3;0;0)
(32;41;3;0;0)
(33;41;3;0;0)
(34;41;3;0;0)
(35;41;3;0;0)
(36;41;3;0;0)
(37;41;3;0;0)
(38;41;3;0;0)
(39;41;3;0;0)
(40;41;3;0;0)
(41;41;3;0;0)
(42;41;3;0;0)
(43;41;3;0;0)
(44;41;3;0;0)
(45;41;3;0;0)
(46;41;3;0;0)
(47;41;3;0;0)
(48;41;3;0;0)
(49;41;3;0;0)
(0;42;3;0;0)
(1;42;3;0;0)
(2;42;3;0;0)
(3;42;3;0;0)
(4;42;3;0;0)
(5;42;3;0;0)
(6;42;3;0;0)
(7;42;3;0;0)
(8;42;3;0;0)
(9;42;3;0;0)
(10;42;3;0;0)
(11;42;3;0;0)
(12;42;3;0;0)
(13;42;3;0;0)
(14;42;3;0;0)
(15;42;3;0;0)
(16;42;3;0;0)
(17;42;3;0;0)
(18;42;3;0;0)
(19;42;3;0;0)
(20;42;3;0;0)
(21;42;3;0;0)
(22;42;3;0;0)
(23;42;3;0;0)
(24;42;3;0;0)
(25;42;3;0;0)
(26;42;3;0;0)
(27;42;3;0;0)
(28;42;3;0;0)
(29;42;3;0;0)
(30;42;3;0;0)
(31;42;3;0;0)
(32;42;3;0;0)
(33;42;3;0;0)
(34;42;3;0;0)
(35;42;3;0;0)
(36;42;3;0;0)
(37;42;3;0;0)
(38;42;3;0;0)
(39;42;3;0;0)
(40;42;3;0;0)
(41;42;3;0;0)
(42;42;3;0;0)
(43;42;3;0;0)
(44;42;3;0;0)
(45;42;3;0;0)
(46;42;3;0;0)
(47;42;3;0;0)
(48;42;3;0;0)
(49;42;3;0;0)
(0;43;3;0;0)
(1;43;3;0;0)
(2;43;3;0;0)
(3;43;3;0;0)
(4;43;3;0;0)
(5;43;3;0;0)
(6;43;3;0;0)
(7;43;3;0;0)
(8;43;3;0;0)
(9;43;3;0;0)
(10;43;3;0;0)
(11;43;3;0;0)
(12;43;3;0;0)
(13;43;3;0;0)
(14;43;3;0;0)
(15;43;3;0;0)
(16;43;3;0;0)
(17;43;3;0;0)
(18;43;3;0;0)
(19;43;3;0;0)
(20;43;3;0;0)
(21;43;3;0;0)
(22;43;3;0;0)
(23;43;3;0;0)
(24;43;3;0;0)
(25;43;3;0;0)
(26;43;3;0;0)
(27;43;3;0;0)
(28;43;3;0;0)
(29;43;3;0;0)
(30;43;3;0;0)
(31;43;3;0;0)
(32;43;3;0;0)
(33;43;3;0;0)
(34;43;3;0;0)
(35;43;3;0;0)
(36;43;3;0;0)
(37;43;3;0;0)
(38;43;3;0;0)
(39;43;3;0;0)
(40;43;3;0;0)
(41;43;3;0;0)
(42;43;3;0;0)
(43;43;3;0;0)
(44;43;3;0;0)
(45;43;3;0;0)
(46;43;3;0;0)
(47;43;3;0;0)
(48;43;3;0;0)
(49;43;3;0;0)
(0;44;3;0;0)
(1;44;3;0;0)
(2;44;3;0;0)
(3;44;3;0;0)
(4;44;3;0;0)
(5;44;3;0;0)
(6;44;3;0;0)
(7;44;3;0;0)
(8;44;3;0;0)
(9;44;3;0;0)
(10;44;3;0;0)
(11;44;3;0;0)
(12;44;3;0;0)
(13;44;3;0;0)
(14;44;3;0;0)
(15;44;3;0;0)
(16;44;3;0;0)
(17;44;3;0;0)
(18;44;3;0;0)
(19;44;3;0;0)
(20;44;3;0;0)
(21;44;3;0;0)
(22;44;3;0;0)
(23;44;3;0;0)
(24;44;3;0;0)
(25;44;3;0;0)
(26;44;3;0;0)
(27;44;3;0;0)
(28;44;3;0;0)
(29;44;3;0;0)
(30;44;3;0;0)
(31;44;3;0;0)
(32;44;3;0;0)
(33;44;3;0;0)
(34;44;3;0;0)
(35;44;3;0;0)
(36;44;3;0;0)
(37;44;3;0;0)
(38;44;3;0;0)
(39;44;3;0;0)
(40;44;3;0;0)
(41;44;3;0;0)
(42;44;3;0;0)
(43;44;3;0;0)
(44;44;3;0;0)
(45;44;3;0;0)
(46;44;3;0;0)
(47;44;3;0;0)
(48;44;3;0;0)
(49;44;3;0;0)
(0;45;3;0;0)
(1;45;3;0;0)
(2;45;3;0;0)
(3;45;3;0;0)
(4;45;3;0;0)
(5;45;3;0;0)
(6;45;3;0;0)
(7;45;3;0;0)
(8;45;3;0;0)
(9;45;3;0;0)
(10;45;3;0;0)
(11;45;3;0;0)
(12;45;3;0;0)
(13;45;3;0;0)
(14;45;3;0;0)
(15;45;3;0;0)
(16;45;3;0;0)
(17;45;3;0;0)
(18;45;3;0;0)
(19;45;3;0;0)
(20;45;3;0;0)
(21;45;3;0;0)
(22;45;3;0;0)
(23;45;3;0;0)
(24;45;3;0;0)
(25;45;3;0;0)
(26;45;3;0;0)
(27;45;3;0;0)
(28;45;3;0;0)
(29;45;3;0;0)
(30;45;3;0;0)
(31;45;3;0;0)
(32;45;3;0;0)
(33;45;3;0;0)
(34;45;3;0;0)
(35;45;3;0;0)
(36;45;3;0;0)
(37;45;3;0;0)
(38;45;3;0;0)
(39;45;3;0;0)
(40;45;3;0;0)
(41;45;3;0;0)
(42;45;3;0;0)
(43;45;3;0;0)
(44;45;3;0;0)
(45;45;3;0;0)
(46;45;3;0;0)
(47;45;3;0;0)
(48;45;3;0;0)
(49;45;3;0;0)
(0;46;3;0;0)
(1;46;3;0;0)
(2;46;3;0;0)
(3;46;3;0;0)
(4;46;3;0;0)
(5;46;3;0;0)
(6;46;3;0;0)
(7;46;3;0;0)
(8;46;3;0;0)
(9;46;3;0;0)
(10;46;3;0;0)
(11;46;3;0;0)
(12;46;3;0;0)
(13;46;3;0;0)
(14;46;3;0;0)
(15;46;3;0;0)
(16;46;3;0;0)
(17;46;3;0;0)
(18;46;3;0;0)
(19;46;3;0;0)
(20;46;3;0;0)
(21;46;3;0;0)
(22;46;3;0;0)
(23;46;3;0;0)
(24;46;3;0;0)
(25;46;3;0;0)
(26;46;3;0;0)
(27;46;3;0;0)
(28;46;3;0;0)
(29;46;3;0;0)
(30;46;3;0;0)
(31;46;3;0;0)
(32;46;3;0;0)
(33;46;3;0;0)
(34;46;3;0;0)
(35;46;3;0;0)
(36;46;3;0;0)
(37;46;3;0;0)
(38;46;3;0;0)
(39;46;3;0;0)
(40;46;3;0;0)
(41;46;3;0;0)
(42;46;3;0;0)
(43;46;3;0;0)
(44;46;3;0;0)
(45;46;3;0;0)
(46;46;3;0;0)
(47;46;3;0;0)
(48;46;3;0;0)
(49;46;3;0;0)
(0;47;3;0;0)
(1;47;3;0;0)
(2;47;3;0;0)
(3;47;3;0;0)
(4;47;3;0;0)
(5;47;3;0;0)
(6;47;3;0;0)
(7;47;3;0;0)
(8;47;3;0;0)
(9;47;3;0;0)
(10;47;3;0;0)
(11;47;3;0;0)
(12;47;3;0;0)
(13;47;3;0;0)
(14;47;3;0;0)
(15;47;3;0;0)
(16;47;3;0;0)
(17;47;3;0;0)
(18;47;3;0;0)
(19;47;3;0;0)
(20;47;3;0;0)
(21;47;3;0;0)
(22;47;3;0;0)
(23;47;3;0;0)
(24;47;3;0;0)
(25;47;3;0;0)
(26;47;3;0;0)
(27;47;3;0;0)
(28;47;3;0;0)
(29;47;3;0;0)
(30;47;3;0;0)
(31;47;3;0;0)
(32;47;3;0;0)
(33;47;3;0;0)
(34;47;3;0;0)
(35;47;3;0;0)
(36;47;3;0;0)
(37;47;3;0;0)
(38;47;3;0;0)
(39;47;3;0;0)
(40;47;3;0;0)
(41;47;3;0;0)
(42;47;3;0;0)
(43;47;3;0;0)
(44;47;3;0;0)
(45;47;3;0;0)
(46;47;3;0;0)
(47;47;3;0;0)
(48;47;3;0;0)
(49;47;3;0;0)
(0;48;3;0;0)
(1;48;3;0;0)
(2;48;3;0;0)
(3;48;3;0;0)
(4;48;3;0;0)
(5;48;3;0;0)
(6;48;3;0;0)
(7;48;3;0;0)
(8;48;3;0;0)
(9;48;3;0;0)
(10;48;3;0;0)
(11;48;3;0;0)
(12;48;3;0;0)
(13;48;3;0;0)
(14;48;3;0;0)
(15;48;3;0;0)
(16;48;3;0;0)
(17;48;3;0;0)
(18;48;3;0;0)
(19;48;3;0;0)
(20;48;3;0;0)
(21;48;3;0;0)
(22;48;3;0;0)
(23;48;3;0;0)
(24;48;3;0;0)
(25;48;3;0;0)
(26;48;3;0;0)
(27;48;3;0;0)
(28;48;3;0;0)
(29;48;3;0;0)
(30;48;3;0;0)
(31;48;3;0;0)
(32;48;3;0;0)
(33;48;3;0;0)
(34;48;3;0;0)
(35;48;3;0;0)
(36;48;3;0;0)
(37;48;3;0;0)
(38;48;3;0;0)
(39;48;3;0;0)
(40;48;3;0;0)
(41;48;3;0;0)
(42;48;3;0;0)
(43;48;3;0;0)
(44;48;3;0;0)
(45;48;3;0;0)
(46;48;3;0;0)
(47;48;3;0;0)
(48;48;3;0;0)
(49;48;3;0;0)
(0;49;3;0;0)
(1;49;3;0;0)
(2;49;3;0;0)
(3;49;3;0;0)
(4;49;3;0;0)
(5;49;3;0;0)
(6;49;3;0;0)
(7;49;3;0;0)
(8;49;3;0;0)
(9;49;3;0;0)
(10;49;3;0;0)
(11;49;3;0;0)
(12;49;3;0;0)
(13;49;3;0;0)
(14;49;3;0;0)
(15;49;3;0;0)
(16;49;3;0;0)
(17;49;3;0;0)
(18;49;3;0;0)
(19;49;3;0;0)
(20;49;3;0;0)
(21;49;3;0;0)
(22;49;3;0;0)
(23;49;3;0;0)
(24;49;3;0;0)
(25;49;3;0;0)
(26;49;3;0;0)
(27;49;3;0;0)
(28;49;3;0;0)
(29;49;3;0;0)
(30;49;3;0;0)
(31;49;3;0;0)
(32;49;3;0;0)
(33;49;3;0;0)
(34;49;3;0;0)
(35;49;3;0;0)
(36;49;3;0;0)
(37;49;3;0;0)
(38;49;3;0;0)
(39;49;3;0;0)
(40;49;3;0;0)
(41;49;3;0;0)
(42;49;3;0;0)
(43;49;3;0;0)
(44;49;3;0;0)
(45;49;3;0;0)
(46;49;3;0;0)
(47;49;3;0;0)
(48;49;3;0;0)
(49;49;3;0;0)
